\begin{tabular}{lrrrrrrrrrrrrrrrrr}
\toprule
 & GP & G & A & P & +/- & P/GP & EVG & EVP & PPG & PPP & SHG & SHP & OTG & GWG & S & S% & TOI/GP \\
\midrule
GP & 1.000000 & 0.660694 & 0.742812 & 0.742844 & 0.212674 & 0.542885 & 0.694755 & 0.806373 & 0.475903 & 0.526041 & 0.410720 & 0.505980 & 0.442653 & 0.599482 & 0.826371 & 0.246746 & 0.559038 \\
G & 0.660694 & 1.000000 & 0.819358 & 0.933217 & 0.234048 & 0.881798 & 0.980843 & 0.926390 & 0.901738 & 0.844470 & 0.439135 & 0.417944 & 0.715858 & 0.922624 & 0.907769 & 0.594148 & 0.415454 \\
A & 0.742812 & 0.819358 & 1.000000 & 0.970627 & 0.335785 & 0.895312 & 0.800044 & 0.945635 & 0.748186 & 0.912095 & 0.350123 & 0.430347 & 0.708249 & 0.789043 & 0.892553 & 0.335478 & 0.680776 \\
P & 0.742844 & 0.933217 & 0.970627 & 1.000000 & 0.308682 & 0.931216 & 0.913072 & 0.981470 & 0.847371 & 0.926069 & 0.403738 & 0.445126 & 0.744332 & 0.881744 & 0.940538 & 0.459613 & 0.601041 \\
+/- & 0.212674 & 0.234048 & 0.335785 & 0.308682 & 1.000000 & 0.276643 & 0.235106 & 0.326182 & 0.186643 & 0.227844 & 0.180917 & 0.282005 & 0.158837 & 0.296291 & 0.246253 & 0.054788 & 0.238598 \\
P/GP & 0.542885 & 0.881798 & 0.895312 & 0.931216 & 0.276643 & 1.000000 & 0.851663 & 0.892999 & 0.832988 & 0.908954 & 0.328880 & 0.340711 & 0.725762 & 0.838393 & 0.835197 & 0.555692 & 0.572602 \\
EVG & 0.694755 & 0.980843 & 0.800044 & 0.913072 & 0.235106 & 0.851663 & 1.000000 & 0.932690 & 0.804992 & 0.778026 & 0.416574 & 0.401315 & 0.689839 & 0.901905 & 0.904258 & 0.598461 & 0.394952 \\
EVP & 0.806373 & 0.926390 & 0.945635 & 0.981470 & 0.326182 & 0.892999 & 0.932690 & 1.000000 & 0.783327 & 0.838735 & 0.408319 & 0.454309 & 0.709961 & 0.868988 & 0.949149 & 0.464550 & 0.591843 \\
PPG & 0.475903 & 0.901738 & 0.748186 & 0.847371 & 0.186643 & 0.832988 & 0.804992 & 0.783327 & 1.000000 & 0.884188 & 0.297616 & 0.285022 & 0.682860 & 0.840790 & 0.782334 & 0.495487 & 0.404067 \\
PPP & 0.526041 & 0.844470 & 0.912095 & 0.926069 & 0.227844 & 0.908954 & 0.778026 & 0.838735 & 0.884188 & 1.000000 & 0.280415 & 0.297894 & 0.736585 & 0.811334 & 0.816326 & 0.397766 & 0.550369 \\
SHG & 0.410720 & 0.439135 & 0.350123 & 0.403738 & 0.180917 & 0.328880 & 0.416574 & 0.408319 & 0.297616 & 0.280415 & 1.000000 & 0.875315 & 0.246458 & 0.390945 & 0.415902 & 0.301481 & 0.167273 \\
SHP & 0.505980 & 0.417944 & 0.430347 & 0.445126 & 0.282005 & 0.340711 & 0.401315 & 0.454309 & 0.285022 & 0.297894 & 0.875315 & 1.000000 & 0.243675 & 0.378260 & 0.453588 & 0.232071 & 0.293240 \\
OTG & 0.442653 & 0.715858 & 0.708249 & 0.744332 & 0.158837 & 0.725762 & 0.689839 & 0.709961 & 0.682860 & 0.736585 & 0.246458 & 0.243675 & 1.000000 & 0.757017 & 0.681360 & 0.327325 & 0.479141 \\
GWG & 0.599482 & 0.922624 & 0.789043 & 0.881744 & 0.296291 & 0.838393 & 0.901905 & 0.868988 & 0.840790 & 0.811334 & 0.390945 & 0.378260 & 0.757017 & 1.000000 & 0.838015 & 0.530423 & 0.422259 \\
S & 0.826371 & 0.907769 & 0.892553 & 0.940538 & 0.246253 & 0.835197 & 0.904258 & 0.949149 & 0.782334 & 0.816326 & 0.415902 & 0.453588 & 0.681360 & 0.838015 & 1.000000 & 0.374988 & 0.598176 \\
S% & 0.246746 & 0.594148 & 0.335478 & 0.459613 & 0.054788 & 0.555692 & 0.598461 & 0.464550 & 0.495487 & 0.397766 & 0.301481 & 0.232071 & 0.327325 & 0.530423 & 0.374988 & 1.000000 & -0.034103 \\
TOI/GP & 0.559038 & 0.415454 & 0.680776 & 0.601041 & 0.238598 & 0.572602 & 0.394952 & 0.591843 & 0.404067 & 0.550369 & 0.167273 & 0.293240 & 0.479141 & 0.422259 & 0.598176 & -0.034103 & 1.000000 \\
\bottomrule
\end{tabular}
