\begin{tabular}{lrrrrrrrrrrrrrrrrr}
\toprule
 & GP & G & A & P & +/- & P/GP & EVG & EVP & PPG & PPP & SHG & SHP & OTG & GWG & S & S\% & TOI \\
\midrule
GP & 1.00 & 0.66 & 0.74 & 0.74 & 0.21 & 0.54 & 0.69 & 0.81 & 0.48 & 0.53 & 0.41 & 0.51 & 0.44 & 0.60 & 0.83 & 0.25 & 0.56 \\
G & 0.66 & 1.00 & 0.82 & 0.93 & 0.23 & 0.88 & 0.98 & 0.93 & 0.90 & 0.84 & 0.44 & 0.42 & 0.72 & 0.92 & 0.91 & 0.59 & 0.42 \\
A & 0.74 & 0.82 & 1.00 & 0.97 & 0.34 & 0.90 & 0.80 & 0.95 & 0.75 & 0.91 & 0.35 & 0.43 & 0.71 & 0.79 & 0.89 & 0.34 & 0.68 \\
P & 0.74 & 0.93 & 0.97 & 1.00 & 0.31 & 0.93 & 0.91 & 0.98 & 0.85 & 0.93 & 0.40 & 0.45 & 0.74 & 0.88 & 0.94 & 0.46 & 0.60 \\
+/- & 0.21 & 0.23 & 0.34 & 0.31 & 1.00 & 0.28 & 0.24 & 0.33 & 0.19 & 0.23 & 0.18 & 0.28 & 0.16 & 0.30 & 0.25 & 0.05 & 0.24 \\
P/GP & 0.54 & 0.88 & 0.90 & 0.93 & 0.28 & 1.00 & 0.85 & 0.89 & 0.83 & 0.91 & 0.33 & 0.34 & 0.73 & 0.84 & 0.84 & 0.56 & 0.57 \\
EVG & 0.69 & 0.98 & 0.80 & 0.91 & 0.24 & 0.85 & 1.00 & 0.93 & 0.80 & 0.78 & 0.42 & 0.40 & 0.69 & 0.90 & 0.90 & 0.60 & 0.39 \\
EVP & 0.81 & 0.93 & 0.95 & 0.98 & 0.33 & 0.89 & 0.93 & 1.00 & 0.78 & 0.84 & 0.41 & 0.45 & 0.71 & 0.87 & 0.95 & 0.46 & 0.59 \\
PPG & 0.48 & 0.90 & 0.75 & 0.85 & 0.19 & 0.83 & 0.80 & 0.78 & 1.00 & 0.88 & 0.30 & 0.29 & 0.68 & 0.84 & 0.78 & 0.50 & 0.40 \\
PPP & 0.53 & 0.84 & 0.91 & 0.93 & 0.23 & 0.91 & 0.78 & 0.84 & 0.88 & 1.00 & 0.28 & 0.30 & 0.74 & 0.81 & 0.82 & 0.40 & 0.55 \\
SHG & 0.41 & 0.44 & 0.35 & 0.40 & 0.18 & 0.33 & 0.42 & 0.41 & 0.30 & 0.28 & 1.00 & 0.88 & 0.25 & 0.39 & 0.42 & 0.30 & 0.17 \\
SHP & 0.51 & 0.42 & 0.43 & 0.45 & 0.28 & 0.34 & 0.40 & 0.45 & 0.29 & 0.30 & 0.88 & 1.00 & 0.24 & 0.38 & 0.45 & 0.23 & 0.29 \\
OTG & 0.44 & 0.72 & 0.71 & 0.74 & 0.16 & 0.73 & 0.69 & 0.71 & 0.68 & 0.74 & 0.25 & 0.24 & 1.00 & 0.76 & 0.68 & 0.33 & 0.48 \\
GWG & 0.60 & 0.92 & 0.79 & 0.88 & 0.30 & 0.84 & 0.90 & 0.87 & 0.84 & 0.81 & 0.39 & 0.38 & 0.76 & 1.00 & 0.84 & 0.53 & 0.42 \\
S & 0.83 & 0.91 & 0.89 & 0.94 & 0.25 & 0.84 & 0.90 & 0.95 & 0.78 & 0.82 & 0.42 & 0.45 & 0.68 & 0.84 & 1.00 & 0.37 & 0.60 \\
S\% & 0.25 & 0.59 & 0.34 & 0.46 & 0.05 & 0.56 & 0.60 & 0.46 & 0.50 & 0.40 & 0.30 & 0.23 & 0.33 & 0.53 & 0.37 & 1.00 & -0.03 \\
TOI & 0.56 & 0.42 & 0.68 & 0.60 & 0.24 & 0.57 & 0.39 & 0.59 & 0.40 & 0.55 & 0.17 & 0.29 & 0.48 & 0.42 & 0.60 & -0.03 & 1.00 \\
\bottomrule
\end{tabular}
